0 0
0.01 3.67785e-08
0.055 1.22619e-06
0.2575 3.84676e-05
1.16875 0.0020307
4 0.0922304
4 0.0922304
4.01 0.09301
4.055 0.0965798
4.2575 0.11394
5.16875 0.222983
9.26937 1.88307
12 5.06197
12 5.06197
12.01 5.07841
12.055 5.15292
12.2575 5.49884
13.1687 7.28694
17.2694 21.8821
22 63.3069
22 63.3069
22.01 63.4402
22.055 64.0417
22.2575 66.7779
23.1688 79.7046
27.2694 151.626
28 167.105
28 167.105
28.01 167.323
28.055 168.307
28.2575 172.776
29.1688 193.798
33.2694 309.43
38 495.69
38 495.69
38.01 496.153
38.055 498.244
38.2575 507.739
39.1688 552.248
43.2694 789.321
49.6938 1285.33
58.0612 2160.49
68.3584 3568.05
74.3251 4527.47
82.1177 5907.8
92.2436 7860.97
99.1266 9255.72
107.358 10960.1
116.999 12966.4
123.728 14352
131.645 15948.9
141.154 17800.8
148.496 19169.9
156.659 20622.4
165.692 22137.9
173.177 23318.4
181.167 24501.8
189.875 25702.5
198.582 26812.1
205.673 27650.6
213.31 28490.9
222.136 29384.8
230.398 30150.4
238.66 30851.6
246.922 31492.6
255.184 32077.4
263.446 32610.1
271.708 33094.8
279.97 33535
287.243 33888.7
294.516 34213.1
303.043 34559
312.491 34902.7
318.997 35117.4
326.702 35350.3
336.24 35609.4
343.893 35796
350 35932.6
