0 0 3.71667e-06 0 0 0 3.66667e-07 3.66667e-07
0.01 1.91505e-08 3.73455e-06 1.26521e-09 6.12975e-16 1.20625e-10 3.72326e-07 3.72446e-07
0.055 1.06144e-07 3.81579e-06 7.02501e-09 2.04365e-14 6.86476e-10 3.98137e-07 3.98824e-07
0.2575 5.14581e-07 4.19692e-06 3.43268e-08 6.41126e-13 3.71189e-09 5.21393e-07 5.25105e-07
1.16875 2.73986e-06 6.26739e-06 1.89105e-07 3.3845e-11 2.82808e-08 1.22965e-06 1.25796e-06
4 1.59562e-05 1.84739e-05 1.19741e-06 1.53717e-09 2.80915e-07 5.67868e-06 5.96113e-06
4 1.59562e-05 1.84739e-05 1.19741e-06 1.53717e-09 2.80915e-07 5.67868e-06 5.96113e-06
4.01 1.6008e-05 1.85201e-05 1.20306e-06 1.55017e-09 2.82497e-07 5.70292e-06 5.98696e-06
4.055 1.62424e-05 1.87288e-05 1.22865e-06 1.60966e-09 2.89694e-07 5.81253e-06 6.10383e-06
4.2575 1.73188e-05 1.96865e-05 1.34705e-06 1.899e-09 3.23706e-07 6.31712e-06 6.64273e-06
5.16875 2.26276e-05 2.43908e-05 1.94977e-06 3.71638e-09 5.11414e-07 8.824e-06 9.33913e-06
9.26937 5.90617e-05 5.62185e-05 6.52845e-06 3.13844e-08 2.26182e-06 2.60136e-05 2.83068e-05
12 0.000100681 9.21882e-05 1.21255e-05 8.43661e-08 4.6383e-06 4.5346e-05 5.00686e-05
12 0.000100681 9.21882e-05 1.21255e-05 8.43661e-08 4.6383e-06 4.5346e-05 5.00686e-05
12.01 0.00010087 9.23507e-05 1.21513e-05 8.46401e-08 4.64948e-06 4.54222e-05 5.01563e-05
12.055 0.000101723 9.30858e-05 1.22677e-05 8.5882e-08 4.69996e-06 4.57668e-05 5.05526e-05
12.2575 0.00010565 9.64715e-05 1.2803e-05 9.16473e-08 4.93149e-06 4.73531e-05 5.23763e-05
13.1687 0.000125264 0.000113401 1.5458e-05 1.21449e-07 6.06854e-06 5.52714e-05 6.14614e-05
17.2694 0.00026907 0.000237915 3.45063e-05 3.64702e-07 1.39738e-05 0.000113434 0.000127772
22 0.00064868 0.0005673 8.40414e-05 1.05511e-06 3.40689e-05 0.000267611 0.000302735
22 0.00064868 0.0005673 8.40414e-05 1.05511e-06 3.40689e-05 0.000267611 0.000302735
22.01 0.000649687 0.000568052 8.42941e-05 1.05734e-06 3.41147e-05 0.000268114 0.000303286
22.055 0.000654232 0.000571446 8.54356e-05 1.06736e-06 3.43219e-05 0.000270377 0.000305766
22.2575 0.000674972 0.000586911 9.06638e-05 1.11296e-06 3.52758e-05 0.000280562 0.000316951
23.1688 0.000774417 0.000660707 0.000116098 1.32841e-06 4.00068e-05 0.000326855 0.00036819
27.2694 0.00138127 0.00110617 0.000276292 2.52709e-06 7.1136e-05 0.000575945 0.000649608
28 0.00152444 0.00121089 0.000314479 2.78508e-06 7.86792e-05 0.000632343 0.000713807
28 0.00152444 0.00121089 0.000314479 2.78508e-06 7.86792e-05 0.000632343 0.000713807
28.01 0.00152564 0.00121154 0.000315026 2.78872e-06 7.87874e-05 0.000633147 0.000714723
28.055 0.00153105 0.00121448 0.000317485 2.80511e-06 7.9276e-05 0.000636762 0.000718843
28.2575 0.00155534 0.00122762 0.000328553 2.87961e-06 8.1509e-05 0.000652957 0.000737345
29.1688 0.00166309 0.00128522 0.000378358 3.22996e-06 9.22428e-05 0.000724308 0.000819781
33.2694 0.00211931 0.00151491 0.000602961 5.15716e-06 0.000153442 0.00101222 0.00117082
38 0.00259641 0.001728 0.000863861 8.26149e-06 0.000246573 0.00127978 0.00153462
38 0.00259641 0.001728 0.000863861 8.26149e-06 0.000246573 0.00127978 0.00153462
38.01 0.00259737 0.00172837 0.000864445 8.26922e-06 0.000246821 0.00128049 0.00153558
38.055 0.00260169 0.00173003 0.000867073 8.30406e-06 0.00024794 0.00128366 0.0015399
38.2575 0.00262096 0.00173734 0.000878873 8.46232e-06 0.000253009 0.0012977 0.00155917
39.1688 0.00270464 0.00176771 0.000931442 9.20413e-06 0.000276465 0.00135658 0.00164225
43.2694 0.00302876 0.00186118 0.00115813 1.31553e-05 0.000392413 0.00154983 0.0019554
49.6938 0.00341382 0.00191008 0.00148603 2.14222e-05 0.000594118 0.00169356 0.0023091
58.0612 0.00378413 0.00187785 0.00187399 3.60081e-05 0.000867327 0.00172562 0.00262895
60 0.00385665 0.00186185 0.00195853 3.99831e-05 0.000930154 0.00171928 0.00268942
60 0.00385665 0.00186185 0.00195853 3.99831e-05 0.000930154 0.00171928 0.00268942
60.01 0.00385687 0.00186162 0.00195897 4.00041e-05 0.000930477 0.00171924 0.00268972
60.055 0.00385788 0.0018606 0.0019609 4.0099e-05 0.000931929 0.00171904 0.00269107
60.2575 0.00386237 0.00185597 0.00196959 4.05271e-05 0.000938461 0.00171807 0.00269706
61.1688 0.00388163 0.00183497 0.0020079 4.24825e-05 0.000967766 0.00171201 0.00272225
65.2694 0.00395374 0.00173818 0.00216743 5.18413e-05 0.00109689 0.00165948 0.00280821
72.0069 0.00404181 0.00158 0.0023965 6.90292e-05 0.001295 0.00153164 0.00289567
80.019 0.00412254 0.00140362 0.00263079 9.18434e-05 0.0015045 0.00136855 0.00296489
90.0496 0.00420297 0.00120553 0.00287833 0.000122826 0.00172862 0.00117884 0.00303029
96.7128 0.00424694 0.00108743 0.00301905 0.000144179 0.0018566 0.00106441 0.00306519
104.785 0.00429207 0.000958055 0.00316753 0.000170205 0.00199207 0.000938935 0.00310121
114.434 0.00433623 0.000821498 0.00331767 0.000200779 0.00212953 0.00080647 0.00313678
121.094 0.00436135 0.000737488 0.00340642 0.000221164 0.00221098 0.000724396 0.00315654
128.98 0.00438654 0.000648174 0.00349782 0.000244259 0.00229511 0.000637284 0.00317666
138.448 0.0044113 0.000554108 0.00359069 0.000270217 0.00238086 0.000545634 0.00319671
145.578 0.00442653 0.000491593 0.00365028 0.00028837 0.00243603 0.000484308 0.00320871
153.618 0.00444093 0.000429026 0.00370828 0.000307341 0.00248986 0.000423033 0.00322024
162.685 0.00445424 0.000367478 0.00376366 0.000326822 0.00254142 0.000362873 0.00323112
170.019 0.00446302 0.000323732 0.00380188 0.000341129 0.00257707 0.000319771 0.00323797
177.957 0.00447097 0.000281988 0.00383749 0.000355204 0.00261039 0.000278731 0.00324432
186.69 0.00447817 0.000242022 0.00387078 0.000369091 0.00264161 0.000239546 0.00325025
195.424 0.00448404 0.000207532 0.00389881 0.000381416 0.00266798 0.000205801 0.0032552
202.095 0.00448764 0.0001842 0.0039173 0.000389856 0.00268537 0.000182456 0.00325768
209.541 0.0044911 0.000161228 0.00393523 0.000398359 0.00270228 0.000159731 0.00326037
218.552 0.00449458 0.000137177 0.00395366 0.000407462 0.00271973 0.000136119 0.00326331
226.511 0.00449706 0.000118802 0.00396745 0.000414524 0.0027328 0.000117956 0.00326528
234.992 0.00449926 0.000101887 0.00397994 0.000421145 0.00274467 0.000101329 0.00326714
243.474 0.00450106 8.73423e-05 0.0039905 0.000426931 0.00275473 8.70682e-05 0.00326873
250.821 0.00450228 7.62791e-05 0.00399838 0.000431341 0.00276222 7.59389e-05 0.0032695
258.463 0.00450336 6.62547e-05 0.00400543 0.000435399 0.00276894 6.5947e-05 0.00327029
266.911 0.00450438 5.67193e-05 0.00401206 0.000439326 0.00277529 5.65703e-05 0.00327118
275.741 0.00450529 4.82525e-05 0.00401787 0.000442876 0.00278088 4.83825e-05 0.00327214
282.717 0.00450577 4.22913e-05 0.00402187 0.000445328 0.00278469 4.22165e-05 0.00327224
290.362 0.00450627 3.66555e-05 0.00402563 0.000447699 0.0027883 3.65743e-05 0.00327257
299.231 0.00450679 3.11095e-05 0.00402931 0.000450084 0.00279185 3.11971e-05 0.00327313
307.201 0.00450714 2.67944e-05 0.00403213 0.000451935 0.00279456 2.68997e-05 0.0032734
315.495 0.00450746 2.29587e-05 0.00403461 0.000453605 0.00279696 2.31451e-05 0.00327371
323.788 0.00450772 1.96776e-05 0.00403672 0.000455047 0.002799 1.99509e-05 0.003274
332.081 0.00450795 1.68751e-05 0.0040385 0.000456291 0.00280073 1.72446e-05 0.00327427
339.516 0.00450805 1.46081e-05 0.0040399 0.000457259 0.00280208 1.48223e-05 0.00327416
346.95 0.00450815 1.26532e-05 0.00404111 0.000458106 0.00280324 1.27729e-05 0.00327412
350 0.00450817 1.1889e-05 0.00404157 0.000458421 0.00280367 1.18857e-05 0.00327398
